10
5 10
99 996
-5 5
1 0
6222 -822
99 999947
4 77
2 26456
-1000000 -1000000
1000000 1000000
10
5 10
99 996
-5 5
1 0
6222 -822
99 999947
4 77
2 26456
-1000000 -1000000
1000000 1000000
10
5 10
99 996
-5 5
1 0
6222 -822
99 999947
4 77
2 26456
-1000000 -1000000
1000000 1000000
10
5 10
99 996
-5 5
1 0
6222 -822
99 999947
4 77
2 26456
-1000000 -1000000
1000000 1000000
10
5 10
99 996
-5 5
1 0
6222 -822
99 999947
4 77
2 26456
-1000000 -1000000
1000000 1000000
10
5 10
99 996
-5 5
1 0
6222 -822
99 999947
4 77
2 26456
-1000000 -1000000
1000000 1000000
